14 0.23984375 0.803125 0.0390625 0.09140625
16 0.51484375 0.75859375 0.0640625 0.12109375
12 0.51640625 0.18125 0.05 0.08046875
13 0.60234375 0.23125 0.04921875 0.14609375
7 0.2265625 0.56015625 0.040625 0.05078125
17 0.35234375 0.68046875 0.08359375 0.21484375
11 0.3890625 0.2234375 0.07109375 0.18359375
2 0.5 0.4625 0.07734375 0.15625
2 0.4 0.4671875 0.07890625 0.1421875
10 0.68125 0.46484375 0.11796875 0.19296875
12 0.55625 0.171875 0.04921875 0.0765625
12 0.50390625 0.25546875 0.04609375 0.08515625
16 0.56953125 0.7984375 0.0546875 0.1375
15 0.28828125 0.36796875 0.0359375 0.07109375
13 0.471875 0.68046875 0.05390625 0.125
0 0.26796875 0.24921875 0.04296875 0.13515625
12 0.5328125 0.31171875 0.04765625 0.05703125